9.284973365390459916e-20
7.615517273612556747e-20
6.439588726556689015e-20
5.611876864129263823e-20
4.992900222686059033e-20
4.506339069604215292e-20
4.109868394741442277e-20
3.778284792088555052e-20
3.495517441093995674e-20
3.250723176811378984e-20
3.036247596133176136e-20
2.846487962305197173e-20
2.677221027847481289e-20
2.525185457292107553e-20
2.387811283811355043e-20
2.263038283264648914e-20
2.149190312543070995e-20
2.044886113623618370e-20
1.948974597812011703e-20
1.860486987235223128e-20
1.778600817891200664e-20
1.702612445794085811e-20
1.631915750149940699e-20
1.565985422056517539e-20
1.504363695341851912e-20
1.446649696758672985e-20
1.392490815092088891e-20
1.341575644653068702e-20
1.293628169245426340e-20
