9.828167758021644079e-22
1.006862422749857674e-21
1.038402671904096114e-21
1.066450059586416114e-21
1.086523831640147970e-21
1.097754825574170075e-21
1.100833196555052281e-21
1.096981302120993520e-21
1.087498044494349160e-21
1.073576553226069936e-21
1.056245051502522706e-21
1.036360669413848420e-21
1.014624202136496425e-21
9.916015023913531036e-22
9.677453290147032529e-22
9.434152056571007447e-22
9.188945352101876201e-22
8.944049508747418514e-22
8.701181723009081563e-22
8.461657183814659249e-22
8.226468241236367618e-22
7.996348725444238187e-22
7.771826080620139661e-22
7.553263550484427840e-22
7.340894271673519835e-22
7.134848803436157447e-22
6.935177343560171535e-22
6.741867645987582117e-22
6.554859460321867517e-22
