1.000000000000000021e-08
2.000000000000000042e-08
3.000000000000000394e-08
4.000000000000000084e-08
4.999999999999999774e-08
5.999999999999999464e-08
7.000000000000000477e-08
8.000000000000000167e-08
8.999999999999999857e-08
9.999999999999999547e-08
1.099999999999999924e-07
1.200000000000000157e-07
1.300000000000000259e-07
1.400000000000000095e-07
1.500000000000000197e-07
1.600000000000000033e-07
1.700000000000000135e-07
1.800000000000000236e-07
1.900000000000000073e-07
2.000000000000000174e-07
2.100000000000000011e-07
2.200000000000000112e-07
2.300000000000000214e-07
2.399999999999999786e-07
2.500000000000000416e-07
2.599999999999999988e-07
2.700000000000000090e-07
2.800000000000000191e-07
2.900000000000000292e-07
